dynamics:
  ros__parameters:
    r_x0: 2000.0
    r_y0: 1000.0
    r_z0: 4000.0
    v_x0: -160.25846724580367
    v_y0: -75.09968943805066
    v_z0: 77.90525163590853
    g_x: 0.0
    g_y: 0.0
    g_z: 1.62 # [m/s^2] on the moon
    dt: 0.01 #sec